1 3.507404 2.884552 -5.014504 -2.345535 1.926603
1 8.623038 7.444465 0.919045 1.316159 5.203738
1 13.532361 9.674124 -5.252103 -4.940782 4.935831
1 -5.692837 -0.683911 14.458189 14.215359 4.284336
1 0.033614 1.842320 2.548183 4.231569 2.853552
1 5.198421 5.189586 4.308693 3.909429 4.773495
1 8.884822 7.989434 5.730299 4.481443 6.243351
1 8.369111 6.949958 -1.185472 -0.558262 4.479825
1 8.070000 7.606462 5.772412 4.967851 6.096151
1 7.027397 7.049088 8.556985 6.877795 6.566857
1 1.143928 1.899589 -1.527391 0.651904 2.231126
1 8.864788 7.345275 1.884771 1.774294 5.265597
1 16.179916 11.188568 -6.723198 -6.077917 5.274703
1 11.763926 9.487586 2.942932 2.073734 6.289888
1 8.952682 7.387843 1.109786 0.971745 5.087902
1 -2.954065 0.227505 7.843617 8.959976 3.252095
1 5.221226 5.726355 7.516231 6.730472 5.641886
1 3.980564 4.678383 5.728884 5.530357 4.826560
1 3.079814 3.824555 3.327513 3.939875 4.112188
1 10.163097 7.391736 -5.920660 -4.341148 3.729239
1 2.469387 3.780575 6.935572 6.636700 4.744088
1 6.263692 5.307049 -2.348233 -0.757484 3.600196
1 -2.383409 0.243553 6.041854 6.853602 2.981926
1 7.428631 6.657813 4.304907 3.748882 5.456456
1 4.959120 5.437407 7.478638 6.455173 5.492408
1 6.677723 6.793798 6.044449 5.245634 5.913915
1 -0.379593 2.621433 14.160487 13.020139 5.524405
1 5.770327 5.721895 4.616611 4.442600 5.144925
1 4.983467 4.560023 -1.417934 0.076147 3.417089
1 6.349357 5.844018 2.011756 2.335792 4.645503
1 10.274752 8.106670 -2.108282 -1.356949 4.842517
1 8.271698 7.345556 2.373382 2.351346 5.422473
1 -7.299953 -2.744984 6.226804 8.559605 1.701780
1 8.764272 7.793712 3.929725 3.451675 5.878652
1 2.417154 3.857842 8.228846 7.804675 5.068764
1 14.026813 11.395260 3.861290 2.031646 7.385317
1 -3.553344 -1.132941 0.929445 3.383453 1.316240
1 -0.758477 1.789355 10.284316 9.955825 4.452777
1 -9.403517 -3.854251 10.310960 11.827279 2.001332
1 6.802437 6.615540 5.389544 4.476143 5.616172
1 6.261181 7.413624 15.426441 11.827175 8.008709
1 12.016009 10.035510 5.001568 3.362118 7.091461
1 8.062547 7.415826 5.544688 4.732591 6.000329
1 0.266604 3.332475 14.979472 13.152365 6.205331
1 11.911253 9.376260 2.108574 1.042632 6.243328
1 12.987327 10.034102 -0.124042 -0.460752 6.053825
1 13.166523 9.800275 -4.580195 -3.867429 5.059596
1 -3.676834 -1.013420 3.823461 5.512868 2.053078
1 2.282972 3.439327 6.542125 6.725068 4.399232
1 3.292510 4.376887 5.172877 5.434633 4.758664
1 -3.875486 0.722862 14.772768 14.302927 4.775129
1 -1.822375 0.723638 5.991215 7.198860 3.152156
1 14.086934 10.809152 0.866165 -0.116383 6.614793
1 13.136643 10.277252 -0.032266 -0.585942 6.152565
1 9.750746 9.763318 16.155680 12.049816 9.213502
1 -2.661049 -0.122266 4.618013 6.072408 2.537693
1 3.170936 4.909116 10.660646 9.659007 6.029148
1 -2.295861 0.097634 2.180965 4.228369 2.262034
1 1.310855 2.956131 7.243670 7.469673 4.376670
1 -2.312537 1.515691 14.255434 13.275899 5.182811
1 16.762323 12.046391 -4.578691 -4.450400 6.007015
1 5.788768 5.705067 3.940427 3.937297 4.945740
1 5.692854 5.673866 5.657091 5.305734 5.246592
1 3.227379 5.211273 13.056718 11.147635 6.578597
1 0.758925 1.963175 1.833354 3.390233 2.899446
1 -2.492390 -0.642918 0.114854 2.600772 1.518007
1 -1.362275 0.921232 4.767491 5.838056 3.070322
1 2.714580 3.830886 5.353623 6.047313 4.372267
1 1.534980 3.337481 7.130866 7.344097 4.557229
1 3.053666 5.000023 12.582519 10.745346 6.426222
1 8.851971 8.091860 5.558760 4.482166 6.323339
1 4.485467 4.766077 6.358308 5.498459 5.088471
1 2.924058 3.367084 0.680531 2.177535 3.261247
1 -2.363926 0.209577 4.487638 6.092212 2.548445
1 0.155574 2.723875 11.136500 10.431233 5.096297
1 5.100713 4.726872 1.670729 2.234708 4.047470
1 -5.033419 0.477957 20.522433 18.601533 5.811543
1 7.112272 6.521055 4.789097 4.303992 5.478136
1 7.592932 6.861491 2.905492 2.966761 5.308137
1 12.808290 10.868715 7.518540 5.227801 7.932033
1 4.084198 4.033727 -0.322949 1.222173 3.429565
1 -0.691683 2.520938 11.304545 11.141630 5.000969
1 1.163164 2.350262 2.201166 3.581719 3.116228
1 6.981146 6.290775 2.971308 2.771122 4.956069
1 4.057090 5.337303 9.716703 8.907917 5.732201
1 -1.448928 1.969080 14.406031 12.920657 5.358682
1 -0.787496 1.876710 9.250609 9.158026 4.287829
1 8.022785 7.311203 2.831714 2.736179 5.492348
1 1.151906 3.371842 9.258158 9.171203 5.080181
1 6.363135 5.917494 3.832322 3.906450 5.054042
1 -1.228610 1.167896 6.049442 6.833681 3.345871
1 -1.848404 1.339059 9.396238 9.850769 4.042339
1 0.622307 3.275983 10.650569 10.236120 5.159392
1 -2.357937 1.654473 15.967255 14.544867 5.502150
1 13.461830 11.315226 8.326737 5.620958 8.195847
1 1.975927 2.532367 1.954748 2.620239 3.307105
1 9.394982 7.795595 0.522301 0.710090 5.232809
1 8.531042 7.211831 0.802036 0.766984 5.097324
1 -0.548923 1.383793 3.724985 5.174659 3.000553
1 4.290471 4.197561 0.963762 1.903747 3.700807
1 9.341337 8.861016 8.128294 6.163048 7.149353
1 6.024110 5.479647 2.024880 2.216098 4.410790
1 3.074009 4.048649 5.457125 5.474994 4.584092
1 -6.150972 -2.053168 7.708209 9.036699 2.376883
1 3.860379 5.014886 8.747276 7.868333 5.593423
1 8.961697 8.029523 4.603357 4.061959 6.041534
1 0.196576 2.185579 3.022491 4.846012 3.241924
1 3.953034 4.620392 6.463221 5.865671 5.038590
1 11.737383 8.573986 -4.454484 -3.850314 4.552141
1 1.839010 3.159978 5.150102 5.453292 4.024320
1 0.396815 2.744912 10.168489 9.603870 4.921941
1 9.467114 8.202655 5.153835 3.966923 6.265000
1 6.470832 4.493268 -6.624734 -4.124151 2.428829
1 11.052862 8.323480 -1.869849 -1.731395 4.906412
1 1.786668 1.895665 -2.460494 -0.199464 2.047720
1 -1.135066 1.226367 5.350493 6.373379 3.115968
1 8.307644 7.715000 7.755952 6.110085 6.451922
1 3.697416 3.880708 1.176483 2.240351 3.523005
1 6.449969 6.753526 9.647965 8.049790 6.544425
1 3.575528 4.713398 7.316767 7.023620 5.156290
1 3.903152 4.754516 7.419213 7.137661 5.229800
1 4.574582 3.742359 -3.313218 -1.431713 2.654448
1 -8.034878 -3.391837 5.290827 7.783990 1.237085
1 -8.186182 -2.365311 14.404688 14.779440 3.439587
1 12.381271 10.815790 7.200115 4.978741 7.933281
1 16.110357 11.907407 -2.012260 -2.821083 6.522716
1 -0.831856 2.778971 17.483856 15.008806 6.314118
1 6.283611 6.268104 6.957954 5.733784 5.938753
1 -2.636888 1.163824 11.177897 11.370236 4.465242
1 1.054148 2.672018 4.318898 5.784569 3.701409
1 -4.519859 -0.840281 9.639913 10.302341 3.193833
1 11.140205 9.833007 7.801011 5.681955 7.538186
1 -0.854860 1.061874 3.136791 4.822537 2.863151
1 3.305281 4.008503 4.760827 4.953711 4.452992
1 3.936877 5.534123 10.515062 9.362593 6.309033
1 8.436352 7.010801 -0.627396 0.098138 4.665229
1 10.950607 9.411315 4.471549 3.555463 6.685419
1 12.823717 9.811893 1.071137 0.026772 6.243748
1 -1.162313 2.530579 17.693109 15.562024 6.324687
1 6.383206 7.111972 10.350502 8.313073 6.897989
1 2.047284 3.370328 4.791297 5.522612 3.993400
1 -0.551048 1.206325 1.619172 3.583957 2.484411
1 2.547437 4.699099 11.012545 10.007726 5.830916
1 -2.055473 0.854602 6.085765 7.350940 3.164596
1 3.511309 4.315386 5.348717 5.620420 4.631459
1 11.518952 9.943455 8.843349 5.949568 7.906269
1 3.226859 4.013555 5.164510 5.055029 4.478610
1 10.086037 6.756468 -10.711437 -7.518879 2.504777
1 2.144978 3.340964 6.182461 6.271041 4.244457
1 8.860619 6.856219 -1.331879 -0.613865 4.408928
2 -24.550993 -17.595647 -1.552334 -1.705334 -11.092292
2 0.617680 -0.697232 -6.838389 -10.418185 -4.684372
2 -7.298202 -6.259908 -5.027495 -7.524242 -6.912109
2 -23.611504 -16.450102 2.282345 0.627479 -9.816384
2 -5.936108 -6.278325 -11.020120 -12.339225 -8.166989
2 3.880753 1.141662 -6.892896 -11.435801 -3.915717
2 -10.807924 -7.665950 4.030243 -0.240049 -5.797602
2 -12.784039 -9.734586 -6.963166 -7.282722 -8.802792
2 -1.435328 -2.449340 -7.798666 -10.798446 -5.720585
2 -12.976109 -9.080848 4.696069 1.142777 -6.302127
2 -3.803791 -4.532717 -8.547317 -10.623901 -6.944409
2 -11.307796 -8.784340 -1.606403 -4.185201 -7.324129
2 -14.378434 -9.905725 -2.623335 -4.046969 -7.796879
2 -4.186009 -3.595377 -5.511657 -7.760128 -5.759722
2 -4.457884 -4.188772 -4.491173 -7.870940 -5.878134
2 -9.819720 -7.168953 1.927018 -1.378829 -6.030615
2 -15.530447 -10.075871 3.643366 1.865824 -6.930724
2 -8.696444 -5.789897 4.467462 0.031389 -4.836787
2 -5.490966 -4.701543 -4.183280 -7.900169 -5.864891
2 -3.249378 -3.489822 -3.019209 -7.348514 -5.278409
2 -7.964699 -7.207199 -7.289561 -8.836417 -7.901067
2 3.161204 2.092790 4.412364 -2.578475 -1.397253
2 -0.302429 -2.433939 -10.588363 -13.307023 -6.358376
2 -14.386198 -10.454589 -2.041412 -3.473731 -8.115438
2 -8.666136 -6.995445 -4.354083 -6.710716 -7.105817
2 3.071913 0.839210 -4.561904 -9.874903 -3.551293
2 -9.892691 -6.896229 4.104864 -0.052524 -5.474694
2 7.047901 4.929635 2.176510 -5.004695 -0.447432
2 -14.477409 -10.679637 -3.809344 -4.939219 -8.507085
2 0.286393 -0.879330 -4.356988 -8.011614 -4.575782
2 -2.654054 -3.074080 -7.029777 -8.902485 -6.072868
2 -10.157583 -7.077809 -1.207932 -3.191645 -6.497770
2 5.425187 3.190397 -1.280879 -7.303485 -1.911327
2 -9.464958 -7.356423 -3.994703 -6.071598 -7.195424
2 -1.968382 -1.876941 1.061496 -4.310145 -3.752963
2 1.671227 0.346663 -2.941347 -6.941270 -3.769930
2 1.300581 0.673050 2.668598 -3.436356 -2.322282
2 -6.595665 -5.305353 -2.623881 -5.719069 -5.998494
2 -0.109452 -1.745571 -3.405655 -8.103540 -4.749346
2 6.233541 3.723686 -5.888728 -9.763739 -2.697560
2 2.509238 0.773748 -2.701984 -7.637567 -3.349194
2 2.984608 0.616222 -8.328740 -11.730198 -4.542740
2 -6.174444 -6.470871 -10.487569 -11.877438 -8.148753
2 -9.280032 -5.545075 6.326380 1.868612 -4.313461
2 -6.034414 -5.556993 -5.010441 -7.338655 -6.725582
2 -5.429549 -6.122994 -11.494379 -12.541507 -8.238590
2 6.046725 3.242094 -5.481277 -10.111760 -2.782510
2 9.142339 5.116134 -4.420417 -10.734659 -1.775486
2 -19.555101 -14.598919 -4.161468 -4.302349 -10.378144
2 -14.415326 -9.954389 -0.118398 -2.184211 -7.474713
2 -17.401460 -12.133722 -0.195018 -1.828872 -8.390582
2 -17.253054 -12.559528 -2.643931 -3.304378 -9.183829
2 -13.358181 -9.800105 -2.216162 -3.819119 -7.944578
2 -10.686678 -8.552220 -10.015895 -10.652016 -8.629591
2 -5.550834 -5.638044 -9.376556 -10.865338 -7.499702
2 -13.414109 -8.815666 6.975481 2.640354 -5.602355
2 -1.024676 -1.640470 -3.768351 -7.584049 -4.605700
2 -1.190643 -1.763813 -5.834982 -8.921326 -5.105669
2 20.076684 11.230495 -14.508129 -20.349042 -1.046631
2 -15.437849 -11.357289 -1.158890 -2.889399 -8.425532
2 6.755145 4.067147 -6.974810 -10.954253 -2.696158
2 0.970824 -0.676315 -7.943106 -11.173230 -4.953819
2 -7.519397 -6.649134 -10.573674 -11.256794 -8.085321
2 1.936656 -0.902333 -9.438533 -13.300104 -5.393816
2 -10.803300 -7.760836 -1.652314 -3.962029 -6.779552
2 -7.076535 -5.935474 -1.598137 -5.360998 -6.092047
2 1.743707 -1.029925 -6.829220 -11.696897 -4.937408
2 -3.836284 -3.528798 -3.022688 -7.483017 -5.150442
2 5.132387 1.911068 -5.703799 -10.586864 -3.574645
2 0.439461 -1.476574 -8.570175 -11.890566 -5.403804
2 -0.126813 -2.380853 -10.477621 -13.651867 -6.260221
2 -0.878637 -2.000446 -6.605663 -9.561115 -5.431339
2 7.708447 3.597689 -3.206279 -9.508778 -2.383057
2 -3.946379 -3.134865 4.020613 -1.909063 -3.728325
2 -13.403369 -10.367238 -0.532526 -3.289588 -7.842758
2 -10.294662 -7.832583 -6.746137 -7.104983 -7.977339
2 -11.574150 -10.228755 -11.249403 -11.310575 -9.882441
2 2.592518 -0.283852 -10.604120 -13.754135 -5.360856
2 3.599091 1.552999 -3.941452 -8.651007 -3.285237
2 -0.896053 -3.000342 -12.764940 -14.199111 -7.140055
2 -3.321099 -2.332103 3.636562 -2.135813 -3.347074
2 -6.923165 -5.949543 -4.713987 -7.234816 -6.750527
2 -2.003766 -1.797224 -3.991713 -7.168785 -4.651088
2 0.629409 -0.086177 2.242981 -4.055252 -2.723284
2 -4.969897 -4.770848 -0.628792 -5.656820 -5.380276
2 3.845433 0.576873 -8.010844 -12.522672 -4.502042
2 8.747308 3.604015 -14.551434 -17.521449 -4.548695
2 -22.620327 -14.529248 9.600191 6.933042 -7.687157
2 -4.043046 -5.644905 -16.833878 -16.808310 -9.026819
2 17.313142 9.457584 -10.008861 -17.267562 -0.951491
2 2.481651 0.249673 -4.789703 -9.516957 -4.044357
2 1.504975 0.775484 -0.377511 -5.190356 -2.950373
2 -13.445855 -10.491042 -7.541661 -7.665783 -9.313000
2 8.655330 3.926669 -6.512680 -12.314458 -2.800130
2 -7.439549 -5.613668 -0.062820 -3.667411 -5.636519
2 -5.023183 -4.033043 -6.247099 -7.870433 -6.132189
2 -6.374468 -4.935438 -2.168954 -5.386168 -5.759050
2 -10.395808 -8.865791 -10.782381 -10.687334 -9.221714
2 -22.706918 -15.063913 5.957156 3.525600 -8.451168
2 -2.724503 -1.443655 7.543125 0.836792 -2.271633
